Producer - Consumer
Array produced:
-0.977436
-1.467530
-3.227607
-1.540273
0.922241
-0.624697
45.923017
0.472680
4.296337
-4.088149
-1.057645
1.780673
-1.824312
-0.911657
-2.499841
-0.913812
-1.864879
0.419569
-11.856924
7.571415
-0.876833
-1.634826
-1.686799
-20.383473
-0.677397
-1.346930
1.445099
0.688667
-3.670649
-1.101355
-0.692057
-0.759509
-1.149920
-2.810321
-0.877823
-1.106270
1.145870
3.336883
0.833450
0.646345
0.462709
-0.272483
-1.243535
2.853782
5.439349
1.080851
12.198789
-1.912264
0.521777
-0.631361
-6.427083
8.373956
0.595035
-0.803361
0.209747
-7.218672
-1.089144
0.082865
4.746260
-0.848222
1.573236
-8.631435
-2.339499
-0.490877
-17.596409
-0.452744
-0.301900
-0.358707
-5.097709
-3.650115
1.426180
2.934217
7.553906
1.315752
-1.849181
-6.485001
-0.991167
0.928728
1.269035
-2.429652
-1.746236
-5.384420
1.600756
-0.988143
0.872982
-1.955429
1.023604
-2.573657
2.380391
-4.656391
0.819983
-2.563327
-2.838998
-230.786264
-4.469315
-0.658228
-4.424956
-1.201620
-0.163213
1.819578
-0.877024
-1.089687
0.505064
1.126179
4.362184
-4.230396
-1.079147
4.065764
4.483443
0.735329
-0.560952
-2.047331
-1.555047
5.653540
2.076620
6.798299
-1.093575
1.213225
0.730093
-4.121464
1.185340
1.959169
-0.641711
-5.616013
0.531349
-8.127265
-8.410063
-0.797317
0.791484
0.505304
1.185130
3.429475
-1.100191
0.952572
-1.498148
0.749617
1.060151
-1.434641
-13.361860
-5.761495
0.855407
0.737832
-1.275651
0.377505
-1.745646
0.684195
1.002653
2.292728
3.245367
5.936995
1.499093
0.932422
1.647794
-0.487071
-1.533083
0.638652
-1.424956
1.061202
-3.403357
0.140659
1.151754
99.657106
0.864871
-2.816086
-0.694393
-4.304390
0.796905
-2.198589
-1.035087
-0.765314
-1.523830
-1.035479
-0.320861
-0.751835
-0.845933
-1.018107
-1.635059
-5.540770
-0.388792
-1.508386
-1.406537
22.065792
-0.937942
1.281511
0.686250
-2.162435
2.255006
0.591172
-1.052601
0.928594
0.207538
3.730334
-0.604717
1.059756
-0.109474
-1.675696
0.733494
-0.671487
0.822590
-1.276357
-0.828345
1.737157
1.701383
-1.075822
0.944306
2.428778
-1.124504
1.168183
42.634114
0.382070
-0.707720
-1.994865
-1.122125
-3.001074
-0.835826
-2.844664
-1.075495
-0.711856
2.789753
4.704425
0.374075
1.455885
-0.972014
10.134842
2.038955
0.588833
21.801647
-1.001155
-18.102371
1.094748
-1.093612
19.697745
-0.615372
-1.322591
-1.173242
14.599233
1.059720
12.493723
-2.944284
-2.357211
1.292965
-0.764627
-1.221867
0.772442
0.595615
1.058610
1.041550
-3.388295
-4.493305
-1.437562
1.010428
1.380681
-2.498577
0.640503
-0.939257
-0.298220
16.028619
0.059393
-1.217895
12.457281
0.730611
0.521958
-7.295021
-1.029331
-0.986194
0.795143
-3.461480
-2.620433
0.635038
3.036550
-1.168393
-1.091020
-2.116028
-2.813643
8.988714
0.780377
1.708546
1.662344
-0.969056
0.311400
1.349532
1.079884
5.191029
0.699947
-0.581603
19.707926
0.758955
0.834498
-1.225870
-1.334582
-1.085499
7.755503
-1.076867
-0.260442
-1.260058
-1.508158
0.927735
5.131992
1.152825
1.378921
0.471128
2.153038
0.741223
-1.639490
-2.006691
1.327513
-1.326029
-0.661855
1.357967
-0.798848
0.410272
0.977550
1.269073
0.490427
0.883326
-2.321467
1.111372
2.243835
-0.963676
3.404714
2.731996
1.823416
0.789822
2.311006
3.129332
-0.786722
0.229383
1.031067
-1.489509
-1.045514
-0.976566
-6.260218
2.873014
1.545602
-1.520571
1.432589
-3.649235
2.496941
2.738598
0.178891
-0.257728
1.292750
-1.035320
-5.896583
0.882645
-1.062114
3.071418
1.599300
-0.297208
2.054453
-5.100986
2.742486
-8.131932
1.892581
-0.998782
-1.478739
-2.033250
0.797917
-1.087701
-1.012176
-1.195805
-110.611444
0.757648
-27.110892
-1.063810
1.240845
-0.655734
0.443196
-7.159713
-3.210204
2.405309
0.792627
5.082192
0.850926
-1.646536
0.848306
0.741999
-1.286573
-0.604295
-4.633911
0.662018
1.616593
1.785825
1.095411
-1.320542
-1.278255
-1.029687
1.502425
3.366800
0.389522
0.768230
0.985365
-1.382911
0.870584
-1.099376
-1.768606
0.590640
-1.798576
1.098841
1.297189
-0.626886
-0.712429
-1.574350
1.295785
-1.030475
-2.932730
0.787425
-1.306295
1.308645
105.288039
-1.354149
5.487437
-0.536156
2.786641
0.197673
1.220478
-0.377090
-1.497987
0.311376
-2.143235
-1.159404
-0.690031
-0.809396
0.737420
1.270827
1.425414
-2.618918
1.306499
0.827090
-0.819011
3.455565
11.348567
0.292386
-0.980301
0.885043
-2.206355
-22.441016
2.588336
-0.540153
-6.284410
-2.001531
0.591909
10.216865
1.386488
0.408562
-0.870991
1.142332
-1.631308
-2.167276
-8.908660
143.838513
16.601648
-4.341133
2.382312
-1.671375
4.344110
0.966252
1.933238
0.234847
-1.104169
0.931944
1.354819
69.835443
-1.244184
2.158827
18.182682
-11.858604
2.022576
0.771431
-0.699061
-1.357326
-4.023591
1.883542
0.743104
0.505591
-0.826892
-1.434595
0.776984
-2.440884
3.199601
-0.563865
-1.809626
-8.016014
1.440652
-0.828051
-0.600440
-8.905763
0.599945
0.148350
1.521261
1.966178
-18.254766
-19.086528
-1.711802
0.472556
0.814054
1.637576
-1.773905
-1.112317
2.054345
-1.120139
-3.119621
1.678812
0.909551
-1.867829
-2.319552
-0.593515
0.484056
-1.496595
-1.738310
3.838859
-1.629401
-0.871626
-1.875010
4.608597
1.428766
-3.285694
-2.539390
-0.395960
0.521353
-3.823121
0.701266
-1.214693
17.265388
-9.407546
-0.743996
-1.219063
1.830231
0.449586
0.952368
0.820495
1.839937
-3.025519
0.999994
1.757136
-0.468079
-1.448856
0.429493
1.109263
-9.285365
1.826359
-5.935448
-1.625030
-0.968461
-0.302170
0.876421
0.891118
-2.110880
-0.609068
-0.743065
0.679004
1.081386
-0.621906
-1.353883
2.278946
0.262346
-0.791351
2.496306
-4.957540
0.681884
-0.890873
4.520602
-40.831620
-0.957601
1.570792
-0.661802
-14.725438
2.446880
-21.778426
2.166750
3.763509
-1.134414
-2.743152
17.160968
0.638930
0.789692
-0.179556
-5.927407
15.945387
1.243397
-1.172602
2.430301
-0.789600
-0.853080
-3.374245
-0.405364
-0.724177
-0.740892
-0.737477
-0.369621
0.712265
1.234196
1.832008
0.697986
0.680613
0.650568
-1.735123
-1.143599
1.992121
1.552436
0.789198
1.508567
5.607683
-1.381255
-1.130722
0.843368
-1.183617
3.409407
-1.335300
-1.406439
0.547726
19.531001
2.741577
1.237654
0.176680
1.158460
-1.371520
1.529591
-0.962177
-1.764295
1.127193
-0.348855
0.136856
0.966935
0.678082
8.630903
0.361263
-5.162092
0.571427
-0.959442
1.249597
-0.919620
-0.910846
0.421224
0.701799
0.613402
5.973178
0.099353
1.284102
16.493569
-0.446099
-1.347165
-1.638339
-1.789587
0.655885
-17.998860
-1.079640
0.787007
-0.607690
1.833227
3.748588
0.345787
2.898854
9.612363
-6.987699
-3.678005
-1.394730
-2.303019
-1.015742
-1.487978
4.468348
-1.768193
-0.449422
-4.028995
2.482137
3.979951
-9.548201
12.903417
-0.974580
0.119537
-9.635612
-1.521271
4.027762
-3.705161
1.835683
9.334514
-1.175372
-3.843800
0.782775
22.008118
-1.020736
-1.731244
-3.360427
0.802914
1.367538
1.043936
-1.837978
6.466104
-2.138424
-2.610523
12.286654
1.703426
-2.248369
0.519418
-0.857498
0.944038
-1.800686
1.320210
-0.425971
-1.899114
1.394527
1.080758
-3.804020
1.631760
55.570023
5.194004
-15.616408
0.338095
-1.156863
-0.824054
1.018032
1.300013
-0.764138
1.087888
-5.283624
-3.420875
1.187000
1.149013
-1.309321
1.703530
0.725291
2.858762
1.388053
4.822127
0.998777
1.415056
1.124063
-1.376896
0.175779
-0.734753
-5.404344
-0.039429
1.380237
1.242766
-1.678142
-0.797420
0.518050
-1.437998
1.659286
-11.059558
-0.481477
0.867026
-1.425372
0.842436
-12.977883
0.524199
-0.752344
-0.635586
5.736920
-1.901293
4.387938
0.931875
-1.051917
1.961825
-1.129954
-0.630837
-3.488852
3.009091
0.895173
0.568284
0.980257
-0.187324
-1.196045
-5.874363
-1.349957
21.536398
-0.930378
-0.924445
2.290544
-1.298045
0.903698
0.566700
-2.877300
-0.761472
-1.781605
0.771755
-1.639256
0.691148
-1.405611
0.554098
-4.828195
4.314492
1746.915569
2.055015
1.057551
-0.447197
1.899514
-0.607266
-1.273864
11.030020
0.155403
3.791425
1.317247
2.559947
-1.374883
1.497283
1.002187
-1.921385
-1.306157
4.089098
2.890154
1.141888
-1.056124
0.667906
-4.094101
-1.548133
-10.567498
0.934018
-9.389000
1.285397
-7.182907
-0.151913
-1.080196
0.986171
1.091460
-3.004238
1.031352
-2.851950
4.413421
-1.843948
-24.691190
0.570099
-2.829047
-0.853291
-0.893813
-0.864557
-10.934940
1.332898
-8.005964
0.150216
1.482103
0.763704
-6.832327
-0.964880
1.683538
-2.929926
0.625973
-6.291930
-0.134678
-1.202025
-0.728030
-0.796008
0.557667
0.769725
-0.553894
8.302854
-2.114597
-1.743597
-1.950881
-2.858145
1.329615
0.116678
-6.863688
-2.855897
5.220990
-1.684203
-1.001700
-1.410712
-1.949829
-0.783236
-7.764288
6.638970
2.458247
-0.596771
0.335901
-2.696892
-1.061381
2.227398
1.438122
-1.314570
-0.128988
2.054149
1.636324
2.385248
0.962220
-1.046121
0.803238
-1.242579
-0.749777
5.628757
2.308734
7.831062
-0.593350
4.641577
1.542035
-2.902162
-0.284611
5.689123
-0.671652
0.833918
0.695957
-5.039473
-0.968829
0.489700
-0.681765
0.332469
0.479048
-1.747278
0.153203
-7.471277
-4.273922
0.572461
0.877376
1.362773
-0.674388
2.708028
-2.105985
1.350884
0.517087
2.343665
0.910363
-2.943188
0.781613
0.864185
1.278103
1.209040
-3.341101
-1.580929
0.797350
2.101479
91.230674
-0.893211
0.754280
-6.870519
-6.763152
19.307613
-1.194705
-0.813631
1.406083
0.976636
-6.087603
0.768001
-0.752507
-1.597458
1.067779
1.531908
3.597330
0.216387
4.652238
1.428231
-0.624468
0.526851
1.022211
1.520626
2.657835
2.372066
0.953220
0.287072
2.085372
1.341435
-2.526644
-0.719823
-2.997323
7.764526
3.869770
0.740953
1.064387
0.845928
3.521074
1.187559
-2.803752
0.414983
-0.747441
-19.748576
-6.796175
-1.067604
5.428208
0.952213
-4.450462
0.435952
-0.026084
0.567822
0.477238
1.410973
-1.602106
4.670104
2.273497
-1.102969
0.851860
1.056538
-0.774887
-0.433035
8.880484
-2.164619
0.644411
1203.295966
-0.942928
1.111881
0.873527
1.604604
0.488888
1.251949
0.845796
-1.410720
0.787114
-2.175502
-4.130648
-0.485696
-1.115321
-1.452316


Sum of elements by the consumer: 3155.366791
Runtime: 0.000159 
