Matrix A :
3 2 3 1 4 2 0 3 
0 2 1 2 2 2 2 4 
2 4 3 1 4 1 4 3 
0 3 1 1 2 1 0 4 
1 1 3 4 2 4 4 3 
2 1 3 3 4 2 1 4 
1 4 0 4 2 2 2 2 
1 1 0 4 0 1 2 1 

Matrix B : 
1 0 0 2 1 2 4 1 
1 1 3 4 0 3 0 2 
3 2 1 2 3 4 2 4 
0 1 0 3 0 1 0 2 
0 4 2 0 0 2 4 0 
3 3 4 1 4 0 3 2 
1 4 0 3 1 2 2 1 
0 1 4 4 4 2 1 0 

Matrix C :
20 34 37 37 32 39 43 25 
13 32 35 40 29 28 24 18 
22 49 39 54 31 51 44 30 
9 21 34 34 23 26 17 14 
27 50 38 52 42 39 41 35 
19 40 38 44 36 40 42 27 
13 32 32 46 19 30 24 23 
7 17 11 29 11 15 12 15 
